57344
61441
53250
61443
45060
53253
61446
57351
53256
53257
49152
53249
45058
57347
61444
57349
53254
49159
45064
61449
49152
61441
53250
49155
61444
49157
53254
57351
45064
45065
61440
57345
61442
45059
49156
61445
61446
49159
57352
57353
45056
57345
57346
45059
45060
49157
45062
49159
49160
45065
61440
49153
61442
57347
45060
45061
49158
45063
45064
45065
61440
49153
53250
45059
53252
61445
45062
57351
61448
57353
49152
53249
45058
61443
45060
61445
45062
53255
61448
45065
